21148144
81108053
69058727
34613524
52014674
79585921
38069634
92945166
64645107
34604092
95542025
56904855
10471203
12411119
10692661
44971697
34431240
16363553
49244087
42527255
35423015
70275538
43157701
37780391
17468929
92763896
81991062
71264747
55426266
93633128
75450179
59605269
98896879
63833790
37176496
70193083
57928438
82384424
78636991
61347631
19881274
65880592
60186890
92485591
12939550
77498370
37214923
38811802
92139590
92713980
20290058
56749806
98899385
81268955
49183362
88772749
21228303
54959859
52544959
25467277
13174776
13095876
11266942
95714845
98058870
15441457
32441054
94205483
91230753
95281438
95994331
77471052
54344356
82515495
30591925
47610624
59347492
64955794
14403223
87144906
78422252
49946375
34784076
18126681
52335347
93008773
57766475
14670289
76545677
31218616
30343223
30802381
85934289
73705396
94564882
55367593
95172121
44905549
85690767
28454249
30090021
58878741
62838020
70255945
65891679
18637043
19987582
14652385
66982713
93970780
51533551
97006453
51659698
21511601
52574082
74332759
38534008
74099381
60636431
15838585
85696040
61765417
91373994
64774931
45703345
90898694
50754646
93547373
24978390
81637207
47923927
97704266
97471314
86290992
83641253
50480113
71078037
39445198
88248060
52600536
41155757
87143501
85354385
60562160
46003392
46964608
44423775
76072584
33826485
89525232
74698526
41231091
83156084
82818773
86181193
63317825
64422407
36082684
90261453
34848655
79987977
70462199
13483336
64004993
38069875
76159632
53574574
26384334
62113077
42738458
50258851
67387320
76226753
14425007
80404985
68553095
96067302
60633503
41655631
43617725
51682293
57728595
14410285
44005948
90102690
24490535
25939121
23440871
82605769
85716577
34011403
89931431
34298150
15306157
80602074
41961907
74118300
82911630
78974469
52201002
96029913
90709313
88279153
88646467
53298600
18228290
82199772
13998620
16727251
42445544
51301209
47306926
18212402
39493419
36832488
79020130
38737364
95484294
37853745
83123005
49920329
84623607
65727965
23950518
38721675
18216228
61684754
44680488
45780999
22175639
75105545
28822754
11713099
54911530
86032973
61321948
47509886
44928402
62574981
58046293
41432869
24988079
82024375
19861768
41790944
46178617
44785868
54784403
67243266
73361214
35000394
50677488
86127603
45856411
54882105
43588312
80062928
43755130
84776726
99738181
94352944
99056620
73156320
62947874
44960386
63511455
18186703
59250194
41440530
61543996
34916516
11148762
60740394
72715871
95070108
17865836
90671317
75992500
16284798
14178321
42267455
67460395
65858132
39711666
94643896
75374423
63945398
48771010
21891031
64081512
84279105
51631180
58971835
37555779
37523751
11068692
67174203
13761248
92650349
36694511
71343743
11740823
94467483
46724672
77293138
24930159
96246380
15295228
44038019
65521249
27416652
23153566
59327234
37449514
55979430
96827055
99034494
61032668
50098864
10383982
20329101
87948189
25564066
10963388
34570580
78573967
71096822
67064148
66521552
36967248
28768447
56578456
55156798
53317149
25589923
29388550
38244909
54274577
45863799
78781513
87383326
83052427
40967798
60560748
94892245
91751854
96781084
75466025
95508739
67444645
50805344
26393855
66958265
45198237
63969955
56570007
16402572
91410212
72454254
98413999
65523266
31624896
44482548
40269445
49527378
77194719
32773396
46409970
64723744
17768551
78354922
78033813
71951996
67644034
39317534
20860622
99149096
72222393
95670895
92495771
78911195
46836756
60786163
81730376
40980832
84613263
64928904
55228952
13727730
29142812
23061382
44141975
52630687
28822751
70000781
61618581
30018559
95495890
99318883
27438620
96961804
39550386
71977509
27777490
29695355
62857165
11436976
55418656
97218374
30893799
57551907
22228673
76780208
72857143
97062902
72644775
90130726
20440612
65009332
71275074
53826725
78325124
10977089
60350185
83363883
64785462
48137097
15429395
84846154
30785720
69041383
17547434
25278701
30360856
41512421
71382540
99002672
86270276
96780456
64102571
78316508
27707901
29840122
39833044
94980478
99829226
30173042
11604365
68059426
34904393
43437378
50138006
40724529
13351744
90580253
78536850
42990436
93237586
28059715
82409408
44453476
85508589
54576170
15010785
98430080
47709984
79160010
36169278
83085706
92422377
29503493
50159298
97041487
45829292
41978290
70372546
72757936
20523584
44044357
14880606
44812001
68825380
59922460
14862335
12712638
43983439
37314792
52866816
25818053
83103397
69022774
66495028
98072325
30545689
52453462
76750528
17233407
97233782
48975606
69831151
27263011
39298412
38112431
79788818
28445813
32739550
96523615
98180835
75432956
41933598
72540990
33818167
40846903
26758239
56322143
79528501
53669335
19645269
77913377
97212532
99852631
17036658
96380750
20413957
29067819
33245440
93577723
90777821
88733335
76921330
56156150
99671952
49886998
12002940
58050458
34729969
69084558
27954729
83886114
33475505
17041233
28216439
80167053
15762311
51962907
63810730
80001014
35475101
35989197
32619009
33052442
91702336
34903750
93316593
13233997
18154373
37891733
77062615
25423219
94377222
26753193
21364838
97182117
49326363
93668319
18704353
99561057
98354228
52793239
16580149
96142642
64752827
67092213
21106339
24801791
24112662
78250033
85544814
62383772
36268946
85353331
76383927
56985648
22454989
73705465
62784264
73291730
80884952
22267947
57731622
41804198
48975862
80736223
93571682
84793231
67817229
70633631
38675636
80112322
43009466
93087062
76973856
74979461
76154751
28461364
78961802
71615512
85512830
66331310
57997410
81263851
70006357
72261818
15464352
10676125
37853729
43175640
47683595
39674049
59191161
54714332
97348734
30364075
85699442
29492623
15329248
72878051
84598818
49797619
59222709
23656527
24361124
13138940
17517797
94048953
76088794
86142791
57342848
29618305
15911819
74150132
22428622
27412397
93796905
89733348
22720633
79198745
51631893
73074518
82343763
30984971
15266886
99160201
84431762
58649542
33660711
16681382
45303388
88600149
24159130
24747562
91993171
16009068
89001902
59705370
38291300
41875436
88485629
59670228
71722284
48534149
29749413
64729857
30884358
38124711
89908533
94464112
74918083
81072731
41753259
50171024
20307347
69511540
34921387
59726136
87503898
21314114
84990525
56279536
39712668
73208597
91949978
79972078
12958049
43015942
37730765
70053824
93256343
89169713
61638463
50091594
11129671
39609405
83564278
62922842
86195562
12322442
95539455
34463977
56670997
31941365
55419623
77071951
65511370
93181411
19095141
37907459
65926471
23261327
97360082
33719185
75452105
45202899
80295056
38964350
89245846
74620642
30021924
86134860
89950790
57418844
35875254
55740773
40266958
38198932
22601001
14567345
58774314
32945899
99873372
67788999
84270375
34677979
88679677
47627071
38624074
65475088
74193669
43394214
73268704
80004784
94911059
17425803
94130211
84858300
77384041
29636534
20804998
49586574
49218877
18508152
96772638
86729090
33848253
73900702
78493869
86218929
17582947
29830655
77674955
34570329
55104752
91720499
55566808
25471815
62237288
54906407
58376663
73968361
84655557
21857537
35103364
95195017
29829976
91096951
13663948
35661004
92482507
19309366
54503839
44242463
41783149
43358164
95150388
70129078
72834765
46431668
76337562
53826137
21169824
25955179
62794871
13258787
90494093
46564163
14299365
32205262
71143957
62815196
93215591
69738535
21798302
89276782
18743047
49223456
93360922
43826345
92839181
35721732
71894488
26213693
40010589
68479301
10786919
27776885
85355118
12873201
14579362
37790974
18543075
74960707
53395165
83004358
29615304
98837206
46436395
71384192
22014826
64779636
32144457
42628292
22866002
47355149
41953066
57090770
64173408
86077123
84304543
58284023
65302050
75822728
88740749
42850157
35596992
56417803
37174207
27267475
76889634
46564470
59999186
70595265
96530870
56533903
64345268
18493073
48348543
21097074
79061993
19628384
30390645
98036273
57417343
69978301
98171417
29104021
36570666
88334333
66944026
94062211
46688891
78937451
31325725
86849914
95862081
72036380
15944109
85328185
44796028
27132129
74442303
16519674
61663959
76137184
44271464
51944721
41330328
43666173
93013630
61827320
26240788
37219663
67778632
65839170
30662394
31489249
64509595
79003639
81084495
39505343
11361011
67562704
49268770
92174269
67638904
20100879
60187094
39456353
11741731
81017593
14920350
79844846
39188602
20481905
25652360
69190030
84635127
62860083
29618224
48383130
85566983
37505321
63025685
28943753
13785390
14593133
49650568
15004660
42849095
68734684
87525440
60843970
10532073
91806675
92193547
21727989
37660774
86577801
78813087
61130895
50219629
78395785
11035535
95744207
31258698
41938009
96432883
90608222
70846572
43125148
11987914
59893490
77474577
49723878
61784921
41994373
84125142
77157548
73172807
88737662
69084141
18007507
78595161
18817771
58620090
35417668
17055099
55974253
71677627
48225024
10966135
50389968
32943969
63208984
25489870
34976325
77648195
43506835
92352672
69030785
99927074
45507909
66614925
29496178
43121651
75022161
18520872
87196109
63145379
53338942
44307467
48634675
35350267
32610485
98407684
34698111
41119519
81868116
20780909
31200047
41753521
38566835
71856026
80850412
30619923
52714353
55315691
52566967
72018505
23797113
86993408
30867122
24225532
62042199
59489036
92182281
92159642
90091824
15462339
20382459
62787611
11996259
18233837
84250761
83602783
90753211
60854556
57572281
94197427
54381518
41802106
38948103
32387699
40105845
14441532
50173801
74345289
57741671
18882739
14751229
75343891
16831476
38321793
13835218
23728483
40896860
46315240
95225296
35312032
68623050
54685118
12115141
53424585
16887792
60298493
38509708
11844058
65923264
87361527
21632732
52061767
44532803
78174374
11012010
37580581
40992282
41776801
47169852
68538088
71418896
96253739
18675788
79719495
47653592
21710566
10192085
66345404
84437479
49870885
94507773
45590951
94118512
12711903
34372510
98818962
36253561
37752383
18718194
98463247
56253975
16048475
31246014
74704330
99780981
89382349
32297707
54543607
31005710
37260121
16995540
15555198
97679831
17201110
46657800
14175735
43210995
80516398
74893546
96969287
24322498
93465429
96593656
97927913
11695867
28766169
66696337
20171190
19810542
68136484
13737108
71813378
73817003
70741885
15221110
49901674
26020387
38198889
75998047
79274950
63857587
24404848
25854150
50974139
27266129
18844153
41281576
53677037
28869458
14447698
16659812
73583313
38867285
66106700
43445686
81446688
81256144
94972035
95954766
99437799
44166837
77639868
63595148
79525947
75148480
99289959
11704027
84581131
28512864
74900547
52061863
67791758
60121249
96940412
57178843
46049648
63409984
54932668
86887831
99357876
35425367
29214280
19073513
36652082
27340029
45115336
41466896
95269698
54823766
76294905
52502011
57815634
75514439
56998669
97727584
19291660
35662682
69989944
90643869
89443106
57441064
10205681
53118666
44112180
93692730
66219367
65498240
10020489
65410357
35519689
86214622
80458348
84444208
73085106
37098410
82732193
98342566
88048944
27340291
44787719
23536240
78368772
71949115
57417449
86871047
62717646
99792671
83745500
64989663
88430748
81342628
22612698
62318652
74044111
19939842
50659549
64206570
35797469
33189475
55296907
36079493
46439243
69358150
87995021
79293285
96246743
94308983
39746045
78837540
97105336
21553187
99036285
31374156
95658493
56199962
15284002
73149074
75445158
95134100
29454729
24147298
12800770
44071656
97324309
50961046
12492281
52169672
24986669
75851771
21987357
86006366
48494300
62282881
55762464
36840290
10832436
38760287
24130514
12328210
78295903
31659476
52219703
19818302
79929411
81511177
32231748
77699327
37605329
85205651
18319158
53678600
26675819
57507988
81550352
85005716
94909057
23572911
15951487
97238245
97404797
36339339
43966529
37548644
26729996
43176757
89984597
51724517
50691590
58634919
83418454
90671943
29053395
78383436
70090760
77413708
64134668
19801596
19388297
95335474
21228003
61378362
55047096
70150870
70241696
31214244
72067392
18825460
15936182
55163525
97785924
61970569
16414978
68275080
97665961
89097817
13597599
29742728
14045050
84902285
11651176
12024322
76889468
95753739
38157740
28251216
34184426
90271046
89209503
91205822
21757910
59250114
39170735
21572004
26488013
14108552
51761755
83642106
66479444
25546532
51323488
38676480
64438338
85400661
12850152
35451527
25703876
50847725
94316383
93612889
20876667
30997579
52755047
86533319
92881344
95732083
25665377
68162893
67666439
44250183
56618796
86855395
31354849
67923173
56221546
14795747
14157979
80071452
86550653
40214673
49800836
80366859
96756242
78636876
22002380
26083032
82943699
63671176
95806602
37528256
74793638
39019602
24914436
70184600
19503785
25439246
53558175
10683633
58946612
31714887
19166818
80855911
41258349
30197559
14303456
59596913
35873577
32331621
18765615
56678863
52062971
91673088
43211423
29747292
59445963
49821664
63071760
60567032
25868938
73372810
84951725
88990355
79282872
72016998
45016027
80314006
79001154
95934498
94078686
65252794
16860238
86197868
64374421
89017296
76876093
64893769
39920454
51712938
14521808
78006293
76683924
78975657
78789478
54349208
35032717
15783525
47364707
69398080
74632416
91449458
45144365
46674689
77540396
61443285
14782160
47321926
14876787
11154563
58331714
38391186
87325613
33446290
21429056
33684792
38264441
82798719
74496983
53854771
27150190
73669659
21828222
11629603
22284560
15045650
15284960
12290149
60882270
51003289
79325880
46704973
69681161
27236532
23536598
12692738
38729023
52325281
41752510
80652791
55044004
48306543
29123202
89839970
40138736
75693633
43221402
38131287
77406447
75633970
25249645
83285294
55587989
74868908
94779784
86560680
58734267
90203388
75180312
27954733
16738159
66762714
37282893
76827823
43353448
78908963
72332266
16781993
93329574
51099213
20116403
39244333
97454896
50933637
75477248
99064968
53446389
23841767
10967699
17429716
70329049
39233351
46160281
50592183
27492229
58494526
39249120
84278490
33034736
15452733
25794262
20337194
81739580
63862259
59147080
12208630
24852275
12364323
50636844
68624285
50636387
11414993
73091430
80384688
16713101
27856014
74283008
42951922
86528019
92071649
69633280
33403454
93557503
95319183
31089664
37529976
83393966
63978402
69407319
66942929
77561159
34348942
91168454
73810492
24325415
14068825
64037905
50904220
42954690
85116916
71594810
78338680
16060357
26877048
30087448
45540491
15737911
30663175
15557904
55326328
13889738
92740432
10848883
83015834
95228100
39060912
44056436
65429626
85916549
61501174
39972164
63197018
75575988
89785151
82167244
58861678
23908106
76926720
50264838
18017962
92601915
18430370
11525241
86218294
86232060
34616008
55552207
42243839
18545333
13229100
15204884
22989799
19215813
56553383
28503821
64980636
45238764
93797455
18209587
11633670
17877466
20365242
89968203
98880602
50697681
25318497
95921187
62823628
32905337
38851105
32132714
82172129
40817216
78369754
81162668
47290466
78012651
86351290
77759338
38112108
47177406
80836244
25598162
63817765
57586116
66505962
36884384
64083593
53815612
15298442
45616657
98398178
41267360
46968787
91595775
10954454
37188051
64838937
69070750
62627226
25768422
80532126
69662033
52638917
50295174
67373889
24818218
78169919
97766278
65794355
40421501
43643352
80851973
38972643
66582431
73744629
88220988
17712892
72687552
48241765
22124134
38907396
72090722
97018961
65566837
69696210
51565804
90204169
16524945
57115933
16219205
94098014
75948623
17561305
38612162
14671737
44686661
28760337
31808321
50053142
42770204
85720901
23867454
17792318
18286543
51845403
80144545
25498049
90708609
84672435
70787744
32218979
48446459
79487512
78727506
40270867
35181250
23113682
71904466
70475094
44016721
37251864
89126540
28081603
41459448
91422754
72349735
15863079
36634449
41926685
37203087
98498248
62066394
95248312
34581405
81053639
92012084
52710492
15544294
50849183
20176247
12220408
53751197
92452938
90677296
54484346
50545829
88653058
51703672
33655129
51250616
31508901
72083762
23996623
82624429
34511281
86839008
38085796
40097385
36259567
57204898
89146918
57496805
34705325
49315277
53821365
35445719
29704483
34320164
10849786
65341440
82417015
63691190
13674168
77567249
31615964
68220627
16222651
28030651
10331477
95109932
85729388
73936978
39455384
27536646
62706822
59180956
19090189
78098971
43402979
25560124
84178934
34993677
91113840
82437544
31927176
98146240
45258526
76306935
15541875
35835196
60517474
90989872
20778706
86910839
52953392
46232895
53464251
20211103
52901893
34512753
83552242
23137423
45950420
59578196
23509028
95073538
52006991
73499835
22769340
28298595
51930964
17803358
70725094
51996224
83418743
32057118
19778846
93756380
27440040
54174181
87152355
88102401
92898220
24044638
43513656
21706415
77578390
46759097
91932394
36353786
74688058
57997662
62346438
40776562
31626494
52158685
17641862
12735800
40791966
26047321
61357351
63851878
64703564
94345856
88453848
86527516
28656754
20737188
81377422
70590504
49863315
10718971
57209013
73509199
38734592
18337984
77212001
48292876
77794066
45847044
62962837
61881056
17818936
23565063
80390743
22056907
52904859
37907716
79563700
78123300
49894373
90557999
72377214
72927640
70620168
81903535
40009050
74941266
75216803
40946141
96503541
34552958
43892506
98929491
47264281
69425200
20609101
28215239
36062128
22994016
12112760
91793023
92922195
87574312
54565110
19376567
84137214
21267861
10145619
68417294
58941515
49114567
78511990
21618400
52288070
12967505
82785732
88767834
13021499
67577581
19597287
94055324
44646897
65305653
11938669
76101691
55450762
96036449
41033177
69245830
94544205
29004937
21400060
59437036
18898242
34563057
11864280
50264505
13614841
52181667
88390941
90579202
85662312
59569549
22765087
49423567
50565236
84536445
71395199
75567183
45075052
65200398
73273866
90174634
77218288
98798026
29014574
31498226
39586556
44941288
57812023
40480533
51730870
94816880
60893369
68146062
32026130
84960680
71875256
22506487
91477394
81398789
84927336
87301667
89724356
47946285
69060481
91185365
10572815
14243048
76876658
36327815
27734072
36289655
19517493
71157334
50851969
83784589
84928318
74541837
13750507
57934830
91356045
68830796
23223837
13882531
31476323
69557332
88871645
83088983
22883089
57437298
58085306
89846738
15196523
95494022
49123276
22265231
57166172
59351088
89736979
32947579
87770006
98166653
83404237
10506203
27517907
81239300
81338236
46728329
36008447
77635571
66044258
58079630
91603799
37254088
59867371
77034377
77388341
37974521
95986886
99086239
45640897
53290840
21932879
22124805
12597644
58045273
17747301
34485176
12415023
65276045
88309494
12131853
55294401
56969248
20435616
12674844
66315767
36784335
21887383
95071943
48520419
44563847
76748607
34401514
93416029
11292316
75330650
51367329
32544383
56820130
82680368
29093065
41364460
93214937
33024403
93217893
23364639
74720543
60530467
27018502
66315121
60926304
29045602
59291242
74487299
30546184
90721763
33740121
52771245
77031769
27195296
77889778
22545828
25413050
50360191
31496072
35499441
97265295
33328030
39579366
27003862
48016475
78820728
73418081
12811980
62891301
31275710
91155444
48580880
84503076
97069756
29404028
72205588
33625223
93668441
67793676
93708182
58134622
76308029
33196654
58503566
92441768
43262989
70536119
75331137
28538362
58435153
37431558
81066867
53210952
70983799
47256665
24540473
33263955
40829937
46467467
59289068
84823471
13695225
74284910
37139642
78618608
87966708
82520577
84603606
54675056
35902580
32717646
59643856
28891200
24762200
65308771
82295551
47417742
84665834
58776602
49145181
23977977
36015079
71409126
62782271
73114861
52590734
52299658
13839820
49420503
70355519
37676670
88723108
17451807
36721314
47086009
14587220
81672660
13938411
46203795
60800671
57932508
41298488
14311613
26300019
45073419
63243842
32604112
72184201
81242527
51929522
74142489
46216986
36606593
85907021
91117802
29713637
71764891
53648970
32679418
66063952
58902352
92021573
49603961
44072614
90032413
57233868
36474421
33540223
89742666
11305877
56181858
50148029
61768908
91461970
18387465
99475634
58547002
48396957
95009040
22603487
64035306
51519886
42301666
65823064
43559080
57209708
47947194
34862403
76562432
95448465
83267327
93040147
28116869
24379554
64323425
38258042
32861371
68296726
31354521
54919094
93414043
90989650
57478835
78282288
30473892
45119449
39078329
30369349
99159124
94635614
22797559
34924255
34113842
13796074
73622359
34964399
64624136
38281638
15525610
64553263
89550215
35165147
97047810
66299282
30184078
85825739
99081076
50133394
52216262
29482988
94946750
37043798
99194852
73669149
16564656
76572511
33257389
69244927
40740649
59145005
19964338
74313745
41724194
97602790
73343034
98951914
48790244
24636832
58463166
43183378
62277082
86259147
94440334
32892669
46334977
47930814
94690065
79004068
62721019
58973020
76676777
50697921
64247491
33277795
73388597
92002856
82378236
92874065
57274800
22475965
53298530
32015219
71800183
60591638
79587041
92959243
22203303
93667246
11841604
79432221
76751781
45686722
16573190
40372566
92196791
83898443
27056837
66496026
82594255
47394073
58472916
50576809
97523560
84636553
16065263
43120748
37334793
18932707
26712714
90348002
60707538
53541826
59966882
21287720
57081856
87460853
93845516
92951745
69771086
41171949
11373712
36878208
61923373
97078199
29004314
62904742
60424604
40955154
32982169
12781484
21832510
65863811
16157867
84496279
65038853
40043111
32751685
14440931
49795294
89140806
37669239
46757267
30674445
20838958
45041833
70428389
83091680
37456157
81101740
36618142
73654434
25505973
11192807
32343152
92297727
59643073
46101549
36122928
93432331
18081063
97715723
44888215
67609735
84433215
41406666
89953350
99861453
71242812
33775102
21565233
88236802
72336851
72802696
78368780
63922911
21701591
96684455
75632242
81298060
13537907
33597607
29197099
54297640
33006647
92099869
76565862
81232657
44932440
72540242
99037649
54879847
98998642
96433186
83099311
10336213
17324161
97096189
86573316
22310145
51913964
37288919
87526574
13694694
65033078
64905648
79659181
16354155
20056781
80413759
23975685
17246496
98572352
69652795
79312444
11720087
10471438
61820741
60859006
40944349
83426905
24272373
97645921
25466772
52269626
54215423
36516034
51217326
57923182
72030721
18982094
53841608
92798765
56855021
65975453
75150369
40616603
45930638
78834424
84252213
69315160
64937784
25791035
76876666
91491890
39502993
11172054
60803510
10120698
25661813
87677677
13765883
52652916
94979083
97445024
50988903
56124514
66189413
57346078
33044309
67881158
22022160
32454564
33382597
64498725
60190452
79164631
46430524
27673497
40368420
86235977
57181002
71038738
95639763
97524436
17980992
88950689
47089113
35131764
57586815
21540694
30492734
31456491
26114824
66093169
84729729
41807615
98668799
82388410
99196408
18612987
56347328
16469550
17889192
62014776
99295797
52149720
94170460
76212251
51437638
25330068
43206459
76322728
22129024
24446959
69093763
72710830
58755041
53729322
27946340
12010784
96713922
13605981
61578235
71519236
46680929
11966009
58387561
19896068
13343882
60752614
93072016
23786786
66824290
73517707
42319594
77783305
98123344
97613163
13972357
28326910
61022216
10243244
79225375
29886709
45298102
22864052
73592410
20826816
84563907
42001708
16431899
67321443
78673094
84888230
56841093
63427970
25396746
42989403
16494350
11606840
35075853
87478970
77681041
82896161
55766795
97693564
67329853
66952618
67680723
47553830
63868841
51950421
20274385
67141128
20517943
88757352
10352582
75078701
28342075
27484604
92617028
63819950
10636106
26364451
19870257
42858026
69162359
35002812
43081858
84312424
74452667
28740051
51274828
64447369
34455409
83270291
42326515
10493528
13954040
52207411
10256913
31486046
11082270
58363751
20678924
61612272
35921610
77141961
80837457
92787426
67608895
86156118
40068527
31066586
92542094
85836242
15121471
36194971
35257407
61418458
92428495
88210889
18083293
79983255
50250704
52032837
55929735
80295139
93492574
58352492
71202478
52853533
45316579
18229850
26689361
19187773
19443877
27352848
45188578
37526937
90179834
83710148
89826995
93130262
21271993
13034614
93999804
67247237
68104043
87699529
60801450
31630132
22362645
16803661
11499633
58795433
66949266
36110282
90216032
40869459
78774716
35634410
44766875
27131515
60673403
19238132
83753521
20106074
44373231
26779955
35973209
42247365
23840054
69776117
64074958
48180996
14258650
16895663
76143428
83655104
66232254
49266181
72031642
18545235
99911752
54798637
61096139
12440897
26889470
29875770
67216154
56285450
67373921
96426347
14450934
56578867
23452410
57392787
22991257
77369185
53648102
57652489
46074769
65593419
34013588
47863334
37145764
60344414
84732861
49165365
26669661
92017025
15626753
10599430
81707959
11104498
28163616
19393825
87505125
86351695
24648273
88849432
62434492
26913841
21588802
39751670
78810302
24258803
93036077
67878867
89562692
25923600
58245524
35726601
11150663
17186602
78565657
50553857
74761675
50184231
14354300
83151398
96798184
96302454
17368113
31357564
69873654
32269424
10352541
91201737
78095700
37410393
53702637
52868209
39158869
43014661
35592723
73221216
42336712
43402007
78240734
41973792
41731875
84471013
26228789
71751946
55314892
63980024
59226097
77440281
33887875
19777711
33012436
96060634
70728430
17358594
40647721
35790463
58502466
73893860
88834808
27179020
71330498
10706406
85911881
99111322
29921065
29164839
33997549
59595528
54931332
80011426
87206907
83558762
87872770
85254304
27532750
73944723
94569622
18521263
39005937
84776064
21954968
66769561
89594770
43881316
57840265
30854268
27380757
51010385
52637300
80964614
69161924
64656128
86713199
84704847
10366115
40294845
78955073
60872275
57471457
87195762
13606685
36285066
77486059
71024461
20016397
43121307
44051601
18033898
28204265
16119311
55351799
19358727
79016608
66742036
28497598
56386670
90439487
91507776
36471766
74645186
39578010
80783518
17488805
84526404
89885630
27936900
88159091
32853361
79213930
13615233
47787129
45490631
52819373
79489651
26624385
92882216
28031773
81513141
89412409
82336600
93640753
19143413
49133978
86033441
80765116
35337891
48772976
79519254
62339719
29415813
90829445
23771124
31788169
57104743
83315694
33866531
51194949
65521136
52581745
84406108
84107072
33866128
70830609
95295718
11580574
40195606
11888952
14611321
38782425
64627934
57364097
13497539
85479836
11519400
78291871
81353096
60603842
79223043
29506797
10357604
95441638
15026663
25419666
77860652
89491750
15943267
77439184
72842995
26756857
77389675
46821800
22523946
92216403
81498800
34839005
43013489
61412953
59057320
90251298
65442604
89481564
10611035
19142544
89900991
51500843
70483385
17840226
87931013
25250041
69816873
75117245
23448433
83305580
71390129
37492496
35655238
93972180
26794047
73359894
50706799
89875577
58683282
77174264
61693180
59349901
98735304
51116688
80968505
25450304
69117769
44996973
48356466
25663035
72821538
26211500
70747780
23281820
71192785
21145561
65370823
97916954
98811012
38110268
21602326
56465559
95363138
99796028
48928256
14966702
18438640
35213881
57407517
86344221
69190128
26647432
45952514
46542030
28067684
61576332
35466831
55130624
82317328
83134829
89097701
41449622
42901982
55536248
91136821
94900220
49234939
21499539
69801780
80829490
78993950
35789787
49898474
65220855
10449000
46727132
19013034
26581778
10466412
15950300
86153663
36602164
25335844
86618230
84294709
28088125
67230588
19214857
11896784
84435357
17859842
16891000
46885088
87001511
64341687
53398339
55722882
19262342
79975425
87808229
33482862
48588130
39062508
96538244
40491813
94627451
32901526
97706591
79879260
26427932
72823226
20192045
13392104
47951908
35445421
50351730
92071294
49420062
30046708
31060649
50287123
64198144
76166511
73642509
23643106
68986749
31518770
79338756
27780236
18324103
30184052
88565289
33668441
58675172
83043872
72121076
11647132
43597676
42041865
88335496
73106229
59974749
74056379
95911193
59501232
83891546
77130604
27272953
19263883
71832327
56411282
88415509
73942841
69017230
11900402
27689694
21420933
11894420
13417403
65365609
29140816
27789808
89351106
74663927
71591177
22322426
29037811
58836099
78595270
88114178
50096598
33803970
37928546
57877049
65946800
72992029
59817846
50135613
44692553
53582183
92689346
77070281
51725828
21226777
87886686
15749180
46038253
90376770
40920177
80229557
77598208
92552921
84471086
79104014
26287278
14327596
10317771
96921549
14169237
77987089
29307329
28591778
85690337
71141172
87987981
79368382
60929296
31689139
14850204
69373689
13744761
41951339
89515730
23413426
47262805
26157290
61441700
94817600
33345259
97573839
43916956
80102945
88128595
64931545
82290592
76086172
82964877
17247054
67620598
14843438
23006264
68831870
84677069
86206646
21087970
80148585
19399827
82300412
42927182
51921707
75929162
62357612
59303508
40894745
75526917
74491818
77070860
28996073
62362885
10706530
74059808
79276035
91445725
56818390
82292784
66878362
87824281
37530488
28375394
32514524
79188045
69935641
43923561
85086035
96707561
19993584
78296320
88113028
37546511
36525170
31785951
71242105
94808435
14226573
74890350
43589263
62640859
21414270
10473748
59415518
74371910
79739727
76007212
18148288
61344169
58395121
16725401
21162368
83981396
40517745
13599728
37522465
86852212
39075930
37000916
40439880
19209777
23449640
43036640
57607751
86164599
98161508
91273148
92649542
43860306
52687329
76518866
65913872
47360371
87697297
46130459
89247480
17688016
92903044
67115411
38860518
81079783
20734335
37707137
57254050
30123317
59687069
12878074
64940246
39256101
98900089
61694835
34346469
50021135
25895774
72766219
92502404
67703956
19022309
34463496
19958807
43122153
12146935
67709855
67507641
63419447
92265503
58637410
60336343
13313555
99688442
85938758
25152124
18396693
35543499
78274512
87495975
32263063
34081195
60793948
32136152
60128396
33825757
48790570
64690170
93464512
18635846
50478745
43427221
43197790
92105713
46264293
97197050
19961249
91061553
78740112
89844868
38218916
61514322
28793857
11757135
14666663
33623127
20145611
51203655
25026845
44216354
49636359
41297003
81098592
37585083
68749789
74617380
29287428
10213568
94597922
54024764
79721673
76076009
56334875
72784509
80198570
87581239
21040864
41042279
76998930
92453433
99368412
57084173
83820078
20077179
33336689
96725004
62383838
20995339
49219881
32682437
67782057
18825830
70522246
69011711
43712010
12864586
74050433
79875314
47248969
48850802
52349353
25314237
26843755
72834158
70452446
83977166
85908012
33673988
21671440
59120812
87813250
33245283
73940289
86319377
71330635
96954399
41701857
33300567
79369768
66168783
20260422
74482714
85261928
18249659
69030733
18550974
90317058
21055287
23737643
70053081
96514495
70447382
34916705
48034750
26581965
14109902
22863271
40642669
57935910
10221406
54285950
63543014
63451165
22552288
33658056
90474803
11248347
56415734
76652079
19663308
95168933
15090218
77272369
90624351
55154572
33371339
14831722
26875226
65108786
67276197
84954411
63577431
88797048
74457815
14440084
11447902
20738989
44439097
38142663
55055776
23435968
15152163
74841451
47456784
62410069
58125773
29120148
47965024
67867398
39254432
29935286
71963110
48758412
79241317
17840581
91149314
61556388
64438758
46516733
32055180
79773151
84182620
44603198
69945542
95462826
75818416
60239141
55749617
40642936
16005982
59401671
39743995
42430478
79859830
22091658
84319701
23287485
43749663
72833763
32785361
70977392
47896351
36416781
50178984
39420609
25683315
87031358
73145177
98118582
30402877
98178877
81346676
73724450
42828432
89571370
98656941
86698422
56047772
91268886
60787798
79238638
83471698
97526195
17211754
89783524
51441843
82165287
51224132
59649283
20718546
84082973
68958238
74369430
69650590
92822568
12385805
28757927
47833239
55203017
98685169
23267993
41067092
65253528
56142540
46448494
99484453
60295091
32658761
48873300
80201578
37096585
51192584
64623532
54360306
48937390
14615169
46124079
46488441
65516742
46003730
39312555
32096578
83205020
15784742
66995819
73759437
52005202
95334020
38476853
11315254
18509747
95727793
80967789
60776106
56958756
17423235
79192535
99900038
45424314
64625604
27511930
34833806
11110757
89909887
42290719
88096710
73481289
21468138
60416881
82324781
48206447
70028126
45247907
46313740
17419353
67646003
74814341
86804553
94738968
45803111
35820069
59663360
22940209
84497302
67902199
19888324
29985485
27244397
71513652
92461371
64711086
90464296
43862285
31839272
20873845
22563593
44723500
98682409
16175625
52080061
72654288
92859989
17010674
36683745
60411675
38217891
29873867
75039676
77472160
13877113
89369524
30952227
76856720
37854678
11194243
37685556
53080557
41539878
88293858
13051345
28762143
88487192
79927589
17214891
28134292
36829042
51567995
70143587
69419287
79500347
37186154
35630181
44742634
55241170
46462196
34384197
56856443
56417946
37660389
69447493
49958855
53767379
85971644
51429107
52725704
32688004
13840692
73192348
26973972
85142254
77204298
79141940
27391353
58781244
66471307
75991477
14374536
66112396
27386222
44170346
84665856
82678391
59761455
75172549
76676950
84671330
12503676
63470343
47710009
26404001
22359136
87727153
10989552
61505012
10004293
96962122
95774435
53292940
58059266
97805585
92848893
73236033
68963725
97274694
77872300
12594925
28164558
65313682
13806853
47056355
87102094
32947987
44439301
30210831
84702094
42980744
97395059
67609132
29643542
13271649
22271260
20830433
33226933
85226448
95776359
63846494
92310970
80668531
82619219
87742836
11417089
54519308
93283099
84094234
72084662
79409011
24133456
97790025
20100160
57940937
12180076
50662475
46849881
62026056
58975731
62617585
27895614
63897515
55391495
44987397
54435616
45346648
19813115
47190841
11820789
15874962
35788919
61455364
88630531
92609517
91798769
37047324
67095830
97592932
93800321
17532868
52126961
62090365
67696076
19496960
23311477
51265607
27609099
78923957
29950818
48801205
96276444
60101045
19802185
23215451
20710724
41674570
63966522
11136846
42173043
13598373
40849782
51452409
29658673
27403763
21096341
31093074
71432708
36874669
87379483
31950978
70890094
71600105
21719560
18576954
29218659
84203079
87624957
47546217
34675295
34843526
71188082
68140171
31693013
39196917
15714618
37152547
11378483
32064308
37974747
37385003
49794871
43694961
79266696
87599905
18984508
10834875
65297399
14604433
65727938
20114976
82828748
42403826
40681964
89866373
16509426
84189716
48145018
42980717
42829722
50292514
64832441
70359620
24715347
91876064
54021934
52188395
77006731
36273165
53928185
12349961
78942113
85364784
75943113
18478140
30397199
95240017
67326218
82061910
93223064
63767958
73780903
54535139
87038688
87117935
88620033
50658698
65750801
43498020
59692306
32514650
10636584
21198744
97868248
69819308
15607208
91684167
20783484
35028433
22686657
23487365
83095068
71934967
70364529
18840897
27093944
20040403
85662003
12810823
17390517
85433214
76441301
73301936
93028841
64378983
92416999
55736259
34748799
57325135
74659800
70326628
59618518
18962042
21319863
66581737
10595984
71275437
84619753
26085033
75156692
54584570
32340499
74044428
97745636
52200653
59401918
91720554
84230492
79509030
54608036
70082193
83664006
72884705
59532442
23978853
61555804
79177777
88464025
87751586
46246555
43263531
49385450
17984830
52392704
61067902
21003374
88061289
48986530
91728065
49897479
80800438
30347115
66071909
65265447
10380755
52339764
15239369
69816051
21310964
63264636
48116717
83202067
38235343
82973637
76342041
64625088
26134028
61123599
69316747
49722764
96811107
85116046
87705154
63983532
79957681
41878077
56319092
75719399
58030548
44181319
81693673
49835336
63798580
64200792
39533562
64251497
50682004
97434108
35288524
47189000
18726610
29365840
49582319
44966113
58168240
88610381
47397063
54091952
30911844
22644331
92938188
82671609
36823702
64675119
60808750
90003318
95857865
99701787
96911013
27356292
40581120
87223843
65408558
28724733
45519689
78231601
66775381
87439319
61125383
49166457
46990719
25755065
19691385
51940134
66721627
87775604
34350620
85324925
81521551
89487175
80947225
46119774
54924892
40295004
45324513
99185839
10638192
71603755
65943933
45868876
56276613
79384556
22028035
31283467
68246183
10059830
57608740
93260650
16163730
40717113
89657443
75475927
50019385
40118677
98114784
14557084
69367395
47705813
56444754
92052966
83882992
38504715
77239188
52475632
47344058
92461704
86244694
44292177
36962711
43919288
56045300
52544094
33048058
13900184
39185379
84371645
66592342
36088839
62983273
32818564
86797731
71154073
16321125
69774199
64461352
12753272
48158190
37059522
73810734
52736094
94137836
62793674
19941861
28218707
46866950
38658386
15577679
84356385
79668182
83852814
94349040
62456067
29104124
14603211
34457656
34865979
26586399
90191969
99299660
14548875
93965617
41616486
10490741
28033749
78386412
21490206
52941201
22181747
34534746
18091366
53417754
74187043
43267440
44510154
36112427
67401240
49700382
77243506
61695513
38937166
47645748
24295364
75071230
31106418
93951910
82619514
72806957
76830506
31567201
86206754
30564448
18547092
76526881
96758178
13029482
83523886
53752985
85785750
68999653
99712078
67494595
76327054
12014271
10293830
27057477
92901322
95525612
32284210
45093743
10862393
67861472
33228897
10199994
26815041
95962589
82070730
87271079
51383416
28868376
42666315
55709341
16610532
27115830
77482490
21726994
48412396
88639601
84801538
91391268
16857417
50431847
48609081
68078361
93168793
72601831
60366135
96025490
87560060
85467357
42558675
78585639
94762366
20500924
39066838
20597997
66642534
76653398
67212162
52619230
73226286
72973137
24636638
57838858
14591060
53403992
58254943
84722921
30737916
28940047
85502690
54005356
44719157
90721968
17934261
25453343
85424852
55267655
95852367
43138295
48611964
42693254
13618592
56286270
71719232
25945670
80551811
73648920
20854239
12275099
87780433
62587568
19563822
81884818
24328591
67185285
22856595
45551369
69005639
50459723
87162285
78553388
91373300
73831423
72891793
38124680
22109462
69892016
28264781
25440614
15359633
83078868
91201189
77585700
84583895
95023433
14489643
15279244
30919632
35400472
76464393
14707046
62911939
29266670
55871923
38401597
70069402
15195420
22259898
75645641
48504504
74900046
73046723
56004313
55169888
96176851
20253634
27998992
27577374
67186334
25556507
26342335
82254183
95946188
88970338
34144936
32727870
85995327
43831091
29808521
24251510
64816822
63642056
99055817
10811284
53588744
96728107
96362814
68802131
94839933
80666757
64769561
87439681
17952969
84286868
18902127
74078598
25354555
34439652
15358660
72144781
94820275
23993334
94425882
26412816
31872223
94518115
50638019
93636311
56406206
76896696
84044764
51561466
61233272
98505411
43249638
38205853
52746341
76025499
14706663
16328675
71861998
22900587
34636146
83004842
63616692
31948262
62621461
92285446
56644922
90610117
53848174
96806513
39863338
16918737
52152453
15879327
16688446
63697661
58029638
13812976
87081169
50710831
54968089
62290047
55696771
23915679
77031456
29075159
28414594
83365336
61230348
40314822
50415612
10624988
77750556
95235273
52321182
42650853
93953332
51582118
47234885
86270358
17948441
66399950
63128430
17574719
18344614
30090604
31616910
85452768
87766669
78452296
84624979
17114615
44451932
90145310
75005644
79156106
56120331
60077423
48097152
72151089
79603319
94816183
30626716
97739190
36216422
74500631
42257185
24880957
38925928
12323160
82569583
56346071
13518296
29538642
49233400
72790817
50033435
53886970
16618842
46395664
88222122
19445629
34340590
11460473
85515317
47071473
72383044
14504151
65093162
55633939
37371168
46736197
15295411
57137323
35104077
97584337
85073017
44438098
15782866
21566728
53621176
40410936
51607921
21877842
79635992
16062738
21144905
50628967
57940506
38143902
54391963
65030002
79075757
35669972
62617257
35293632
32516705
16200619
42253882
87446693
84124979
26889092
40672955
49931628
86880134
87797175
53418368
17199992
94851763
96418233
50542887
43372795
60612407
17217255
76375325
35176402
17949067
12262641
22260154
27598204
51504657
56749158
94886664
87496118
51951530
33283415
28547745
63286964
98452196
31287211
89415990
73872637
28562257
25434156
74612964
86535027
21600183
10361952
30837662
93113299
29803430
55716619
39544325
23180976
53906518
17330881
40897000
36272532
13310476
94024452
88021851
90681540
80799630
46131387
89101050
14935208
98425604
29870438
75281947
76379893
65257608
74171831
82235543
71685761
10410940
60961055
81404756
65571545
47364700
77636557
72584313
74372840
96438649
30841281
40890535
85068238
95150073
80161644
14486965
61791986
31128807
52805168
56158302
32223923
29829636
27563855
75200206
81231775
56149083
44806880
19216792
51212711
64448226
56401981
56193723
80586836
47678946
67750417
30708395
27176738
13196997
41576192
48610850
21806643
42831503
25599727
66079082
13620382
46678562
91697037
52048286
12705650
69378528
76033762
40710057
39193435
52632626
27530129
28992079
61787438
33359211
86561532
36172407
95891317
75363202
16617561
69288218
12678650
78572016
88120738
68287662
45907182
27025763
59799255
46106360
76352361
18774375
63414228
66393065
39942385
29413457
46171567
92844852
98744783
24448310
43853694
91518380
71157213
77532776
69835477
90982556
65070833
47002187
51104901
65776199
81242652
17414695
17323163
99156268
48078760
84811597
31325472
43967536
98292334
94900954
86477231
33544814
67008904
93711855
21662205
44586779
70816121
11398541
62315119
37689131
58245920
97293592
21760137
76124759
38004220
86689368
80160217
29684906
85998196
20170815
38211149
15271552
51636869
27368614
35681826
69020106
15132776
31666348
70548440
18337044
29619013
89556014
22777517
89477530
58763940
52166507
56997331
69707375
67375256
53110103
54262257
70868505
72841343
45815616
69512769
85244656
69613075
12556758
43149539
65963979
78617237
52981492
28584432
93957405
41719111
39370753
43317774
29425350
88497429
70110061
33496111
82328178
71964168
18544458
45794644
22863975
40644297
88518006
30897526
95643139
79905195
58583736
81511017
18746235
30338210
75449853
82776301
19153132
63321529
32653859
25089245
45397949
86334026
81566513
82716928
15200032
12464345
88525608
72263663
71521079
83577997
75973489
79019550
52890963
34757323
28921973
43435272
12203863
74242800
43518668
36029435
38529467
56481323
96464013
80139133
80156077
10130678
17362500
25046490
23640145
47085487
67842817
58772555
23698985
39176279
38312077
53161925
67862416
13347558
73083448
77232219
62266593
88514888
18348366
35821520
18049205
84924664
77341992
56533693
93500232
71527736
47258462
16461787
71393789
28450794
44531482
67019246
90480376
68842254
89989767
42196943
17068009
27907801
93028969
52270356
48597481
66325614
42421959
83937757
60596348
60275259
24297795
53818686
86370614
64771571
31665930
85603012
52195451
15130659
92926758
93767135
82580724
81361008
95761930
40591276
48780668
59712611
21040624
33950721
22379584
37131277
36221503
33692567
77167818
31739871
52903402
62112415
16160995
83883171
78293311
90839623
34598638
68389452
99323468
53608289
25272169
35931374
44206090
84731744
65768884
41291767
70160702
50671224
78987207
65983739
45453356
62750324
71709934
20141624
50825196
81597536
81913879
66309919
45209536
44300056
48490342
80099459
13211633
73699979
69161573
91633757
51223254
43583890
64417369
27600441
32612214
94075751
53249712
94072641
45703365
21077443
64720534
43588324
20657163
34005784
81177510
29493539
61567714
98511549
69867896
79637086
73473856
48727531
68304099
86774087
50519171
64934034
23094657
53132089
52098386
57345964
88372365
70099514
52063980
72060858
52290984
83677016
42674721
65277746
88039057
19530336
44029455
43940642
77408616
41157417
78221777
71168502
13470130
71595498
29789653
38097382
43138553
78272055
31205964
11671422
63187856
73020054
38628282
75760459
37638645
63354178
79352365
32318239
53087951
80070652
69409418
14492930
40733462
79175944
72403971
10620213
96512721
51306443
15643619
66714619
11531391
37609229
16833255
28235263
26757776
82453178
71615715
61336214
25157502
77671525
14551169
29826288
65898895
16056674
80683887
15478521
29162170
33249067
58102272
34285674
54436407
15759044
50747236
74072012
68454039
30054845
50533610
62616216
45948762
41606118
39511148
27071389
59618027
35832110
41858412
14220272
77045912
48292275
15024326
59745804
74599035
97917301
70412037
60746891
57064213
78375603
67170750
60068420
14698757
60551577
91622134
73999670
98803447
20106915
12576960
93795136
91495130
11900594
75708611
11176015
23640647
76590661
30169461
62960162
96432787
31534202
32606917
22658735
89979362
77873638
27812966
80887908
62200122
33460514
34870779
28927881
41156931
93053563
55246173
19421890
42652573
84842573
74110988
73192624
57485918
37575018
54118959
45229494
91032999
65944905
92391256
34519521
89684859
66166592
24471065
88342494
17764336
70980315
50787574
30786469
72336360
97731616
12112851
39183464
81737969
86208893
61692471
65114987
39717018
49722890
75167550
17064312
77384822
50092116
20261808
32547457
67523888
45194769
67968864
97680419
38651559
17734672
64180974
79315439
25731563
24747666
21539614
74738404
36660419
45843780
44552070
13438995
99686996
17176027
59556732
96145007
96650294
77735222
52178402
14562033
94808308
20131790
48098735
96393004
10970669
64196281
95365032
66482323
98589101
21341702
48509535
10471976
89191159
22393029
21677960
69857554
57272895
78065163
16119920
41536413
86124681
44148659
60431519
55715920
91619713
74506409
79308225
54635194
39367990
11578028
76423663
12864000
19853670
41118710
50355006
42579402
86963480
20269123
13861135
27252300
28176932
43392163
40648060
87233448
40574834
47836666
64923181
19375205
56661154
91004378
96523959
91982763
98032861
75773404
59175174
63343554
84699378
49462281
35220314
14164527
64331791
42561114
21677008
17855736
97309658
80471718
76326983
52145187
83033035
89406996
14944179
68130841
49787616
67456582
87713514
27970854
47590007
46274098
64601228
32751261
44267083
25843346
56930445
74485017
13058573
60534130
39028961
67798494
34980638
92455655
68682818
12466525
50703975
62500446
11472673
38457814
93084758
23959719
30635032
43886965
27863575
48716518
47976420
65839016
55968532
60227105
55119344
57692675
55400590
59755700
66121607
83449414
53571294
74607265
83755981
31778678
18423877
14615225
47191840
38905113
14667798
19741412
92111387
30599949
24364305
81942157
37134132
90875269
34870096
19394220
48023045
52877601
64235355
51036401
13390120
62382633
50408278
72677898
35515323
38078951
50832346
59155985
45579139
38698526
80518240
30809493
64356268
16670506
54031705
24808260
84965806
87263797
17834076
62127922
46581324
75313043
55004407
27609032
65425206
56053820
57824422
40571339
13829583
88054371
17664226
39801352
53835785
97581239
35934160
69785754
23011563
45235125
54717271
33594804
58046760
94074971
99471197
80561434
97961535
42398260
81184692
34761131
17783625
82464380
39398304
67355733
42453135
59518740
76106630
83937409
22808269
49816536
43604728
46747097
98447823
17313201
17851743
56897066
47137573
31337927
88813892
83244517
16036482
18834900
76641211
19168704
73131959
62730362
20771911
13986392
20944571
80576550
95513146
92852633
41931755
67928572
34774199
43638415
29810216
61965991
23876232
96178297
18250571
81937067
79510343
89287934
68192893
10886669
89266531
61876490
81693040
40648394
69680543
55109069
90118967
82877232
66752087
19979722
88267416
70172162
75561378
73885915
74254384
32492797
48600628
99539841
72827997
78144253
40486355
23688540
43603403
93520063
87283444
79565622
78253470
62665793
20039282
73985465
99098937
98892486
83326698
36905793
25129129
69660406
41331637
79609676
58693554
75574433
71506435
64101902
92273907
82435748
82822160
15007906
49639992
89562980
44257158
92409178
69600887
96013424
96198327
97415897
10311011
97849813
10908660
15974254
93657086
19975801
73015613
28368364
73479796
96133036
26689789
50409244
82609383
93191245
62123605
88029904
85673521
56446559
77410984
93204357
13145285
97521093
25614675
98548402
66816307
50191389
16473466
85506991
84170954
54059831
52199293
25275077
66281431
23961393
61393418
29737166
21268236
14291888
31709388
74170249
43686525
28752445
21292354
90108284
85806787
86276537
96870826
16092806
38840771
84110462
89549083
52621056
84759817
22780692
75219250
82020751
79361549
49398500
48037642
93500568
60316286
23410675
90689922
84332288
41854106
54276604
42771826
13672591
46910956
51504173
18178820
96466626
51225905
91521043
26867454
60552749
99239247
34271889
52838343
93747260
97780598
30516205
94627354
54356116
47055058
90383108
77654086
36245783
12445034
92497566
77358367
49759495
27145624
21749980
25797509
20161858
96854565
91483470
48853134
54505643
89815040
61011617
92954835
26492201
82131227
12975477
58257492
77011017
48332003
27948493
51822857
62302463
14502362
66252192
55859718
53262346
29470418
25918348
94242121
84654709
59922376
92831914
55340345
38616410
13398140
24800193
79108864
27622886
99074051
82378455
26347908
89443137
38436718
23245032
64011158
17816465
81988204
79164980
62808123
97235528
74092450
10554430
18895217
80146749
59906360
90147448
17727503
14687464
29540878
49525133
99993930
25866298
89041933
13418059
44087508
54588439
26940440
40696108
38873886
16663409
69983359
71852862
19547650
79351510
55137720
17280236
42856486
42297980
92992592
18170919
30226898
41912149
75583450
30129141
30128181
56849851
54294436
51525063
50765673
16036559
72732294
86136954
29628630
77167178
58506698
35869946
64619378
61168695
14704257
33492314
34539049
32470460
51490685
18891032
93172768
89071030
78217104
95212909
16001064
55657521
49979734
31545513
38917458
26343408
27264596
75375659
65946814
22108758
83967656
19714834
37912999
79268458
66781358
47811559
64388564
55265489
54445652
85212368
42540633
82973581
74334773
22671138
98538433
76420710
37720662
64994317
95599191
45013350
67649915
70333046
38877565
96450727
80468706
21756826
73300933
57809071
46174093
20197115
46382432
69081850
96440731
31799013
81598206
75504600
88264678
78492701
58556283
91091451
85054070
85599364
49675685
41766422
11866638
48693314
73012379
41731088
31352291
20174991
27966544
13788005
16146920
20727710
18518447
27750938
42404036
99423910
75792729
77074650
24848741
48208909
87244042
91717938
76536110
87619123
45295769
77196006
63517388
47420633
92253982
71941230
70683558
81741741
67444014
98433424
59332595
20959987
22560321
44869915
48567013
85592145
72338613
10413629
14738051
78821943
29550187
97070722
47305364
18711145
33991439
50845161
45985847
51996202
62456310
23669669
67063056
55960967
32708000
90010733
32168093
69817149
47485148
22178688
54538022
46219207
27223819
93298617
84452947
11874057
57549820
49369418
92566871
80992914
16949623
74492184
26430794
41387409
11030613
76752947
83646485
43840856
69073868
68699376
62518918
48903173
81709769
80119589
42656388
81454546
69182838
14106497
48706908
86216827
41069915
80225157
42402105
91571272
11247776
69319075
93421235
79143094
63116401
14883441
49034110
97216122
98822410
94930243
77004385
16892946
30805378
94434188
79942118
59272564
30670211
14195800
69656914
78463399
20041993
18254670
56633739
14823040
97433654
43272335
79608137
14584766
15123026
31387428
33192225
83845987
25010198
32170032
60088514
32268261
39738269
73653216
61408547
70074023
13435632
40608858
84431812
57012290
95524283
92418410
96013494
81471791
83538757
67657525
35800610
47667763
41619492
25615904
52753080
60456922
42961960
58134587
92053290
35151561
35227022
81729577
53289748
66337914
41707896
14410709
65270531
81616982
52753456
98738960
55099720
87662312
22150962
46722962
15115549
68374416
79710355
47942677
51108038
54239093
63301138
64671806
19859667
66846044
49865698
28556735
64552851
48606607
95435058
35182109
32327222
12134393
64990423
91008771
80400596
55269401
24360054
13302450
89255289
31424151
34837402
71983591
70696406
19808087
42888273
60928587
13245182
20691054
62493293
28114505
27344475
53051976
21961786
56503138
85394046
64741397
46940454
94629678
75890199
76733905
35105917
90186992
57585536
27239534
68189652
82867955
75244319
73385447
72303943
20745948
47638211
40797959
57973363
66678346
76907403
66322902
91165567
69408268
46788319
47760254
15822118
26393916
37426426
12208483
43392292
11098920
45972225
17297632
11737735
84007321
33254025
10984144
43613083
17069818
46675649
97500571
41842012
79532174
39543512
76396549
93728745
90939769
30189377
40104070
10797285
96839587
65737936
76580117
95948192
29878544
96937145
47370012
31065567
52780001
30597480
29529296
81824077
81563764
35329278
21215137
39978751
19592486
26361962
30830029
66655522
85200696
64852895
16415120
25305412
80398927
29825271
79358966
80209429
99321252
74395216
48702518
72661630
95331918
90120133
87879518
55268005
62423552
89686568
90645460
92013959
87494663
57670458
26526499
48519132
78745004
27601783
76909495
22348753
89251228
44277036
88178114
39323412
49358538
88659001
72068404
90910831
95996928
66181745
15781740
53181650
32675711
27495781
68206226
85244794
72634944
22301843
98837014
90825353
30024018
25919437
52650274
56308145
30688589
69601129
62910580
11929121
75774235
35876618
52812264
29194744
28214396
37461741
42192867
30278061
91686067
18185922
12804664
38613852
91536251
85680284
78526125
95378955
58702119
16786050
41641128
34330375
87697881
13627042
12015991
97603949
30715998
35919781
72659129
82713412
42197157
99220638
32258283
56372168
38179290
75469852
32356883
54226882
93860004
81583966
73953538
98193682
33775991
74178726
18122698
34306511
98309526
33055398
50388157
28020229
46816553
27916311
57517597
17552669
80905334
70618089
11309285
32980826
83901759
29854997
93462067
27095935
98793017
82017038
10005328
13960719
43804324
76346453
89173598
18434732
44002571
22596652
54336413
62329249
79280794
46273122
38516441
81898619
29518999
75407309
79574388
10553298
14325887
92865494
26980235
48848805
21446462
39986350
65805640
84601353
57688863
17011652
46436230
48486236
27945469
85563030
72206298
25136395
19357371
79044733
59949404
92562567
33610777
36750374
17847613
99574448
99496187
72651930
16936198
36003537
62062678
79418566
91244501
18381500
75609923
41846440
54422469
64451971
88738358
86075028
85049068
96363600
49532616
97061921
81407229
62310370
48438063
55919794
42854286
17240613
61751248
85480356
35774581
34896748
74700907
82721297
60200395
89299149
54868085
94770239
71978386
50075033
66091907
75769385
22774899
41792246
45497698
41723303
25944987
13218883
52694744
79968168
80889363
48081660
62423944
90353129
80038936
89497487
15010052
71977369
67299976
45427098
66525453
74113638
15246803
55308590
47249541
73388756
81032702
69423173
63801922
43692954
42877455
42382479
70963392
55077046
28819004
67232985
42417882
84939035
68381365
56785931
16414501
43949318
73594379
70066252
57477481
61614574
93706427
13780544
19003709
16720154
92850907
47320689
28252606
37085388
84778208
66573259
78545515
15789723
64549258
47897281
75731872
37103582
71897452
25080590
19556141
69674308
93810844
70472214
81025555
75483891
97220843
99070115
67621377
46067563
57723794
44865155
46184848
51420678
71686628
91259862
99637843
86863645
21158611
58723939
91898540
77687046
76475669
34112975
28060695
58795436
84828168
24914708
35485622
18400083
79289427
47234448
68897273
61911930
41686042
39791802
53245929
54482905
92275037
90053231
38198674
26094858
77375982
90424426
21786564
42388877
64777427
73105443
34521666
65469602
46950254
82431530
87373890
78014869
84022260
17820377
73802025
75296205
18493951
27267167
90142275
68913220
94813086
59390217
39425577
22248516
57805065
33010828
43095867
27486272
66827502
53997042
38127309
86839505
74613353
92124063
92195423
10019532
66469139
88184959
23209091
89234172
31954993
24344783
27413219
66692353
38941454
55195268
27529435
36107332
23359331
89980763
62819138
60258709
30298354
35073150
46167110
95568612
57585970
96373840
97685237
19948697
54445092
77917782
57724376
52078992
34998084
10800954
44630324
76409243
60124700
73194374
65909175
55780721
79600270
12657742
28937707
37376288
89466445
71269608
73929152
81565060
46172832
95875379
40009051
73366031
17583118
52050295
44618447
21902329
70615592
22806123
83036794
74778900
41406064
56245328
68808575
18484029
15287269
66846650
49119835
94902254
90600876
73621358
29367462
55967857
92635484
19172199
60359144
79677615
83316198
76764147
20753174
64004775
12274592
44793978
26030632
41664506
74976748
61165663
47118424
65570210
37375497
52926463
13823608
78125558
53507287
78250480
61231002
47465214
99313730
39852755
21485074
62981477
89355487
62585758
91646453
66569901
19529233
68081420
27857216
64416517
46054944
84994329
16374031
72908751
67918205
14523025
88683959
49869260
38942370
79425266
38437735
91340184
25488935
54119605
70932379
43460114
33171001
89098526
68450049
90483511
74968754
67582345
10484986
26700541
43950706
33822530
15780469
36160816
77917932
22459604
99900381
64000531
62124317
24984832
33611682
12542621
51533226
49371722
32306531
57502436
91958549
22646957
24953397
19104920
51498011
42403054
90726675
16685349
30517422
57199629
36244450
65508860
33926538
86099032
80975775
47022060
74728694
45724699
58784167
99350442
10053401
17453682
71836322
29193071
48907639
98624959
48556301
55419398
19882806
53628387
15792585
55071089
74595733
73644392
12778851
85096296
50239985
60989074
98493749
21750562
45148332
27543188
36769270
82417392
89698947
54588936
69241296
76473983
19534660
90136760
45797216
17240618
29598620
45520392
95155546
89687802
55432846
34501124
18550730
17723776
22614018
75588341
35335612
47454064
36443508
87476446
50640162
97566404
41809228
88879588
79843689
26382910
76704908
11784073
23546617
28733070
38057193
32752205
64829537
57409691
88860594
95895000
11418564
92455927
81178106
55817267
14576506
45954780
55900972
77651315
97112204
79693513
95994881
47181644
27792733
63475177
74566518
97942744
11526104
70601095
26530109
33392920
46639159
30108540
71725319
20618990
49970455
84797637
49719574
50013125
18091944
94763016
10970730
34400716
90196338
60682596
29260961
90556156
17462078
91057514
48007730
86174828
58153868
89194853
75870834
97555628
38031717
16102850
53298355
81094978
12852812
14587164
76076167
37476671
36569188
89703842
37396732
89694537
69353258
98987126
65148688
58929674
38229079
44999492
82977549
68437045
83223606
13105585
19140154
49554587
27025803
24005242
20016598
87449556
93551397
31562171
65998566
47856155
49537275
95744847
54411707
91256869
40418580
14496998
38299202
78805471
36194267
26238141
63302898
67310427
10235798
61436925
40291682
25864628
96324426
83185379
89116866
25260195
24379578
78550460
80456902
46838433
23852713
54877301
65272666
87737713
84685490
97670872
63270358
93981876
72704408
14337148
69527238
90511407
63466252
92261098
98785809
59182707
38355129
15662982
73370684
36176533
51226671
88065650
85066092
35979359
24953128
62833701
25846270
92516988
34287847
26060965
45962932
10400699
73204154
81549281
24131337
14403459
72184606
12144813
25233957
38836820
64366465
68635098
18360684
53251957
62641265
89170736
27380544
31850516
82238732
83298438
87702114
68998098
19007928
30618016
31477709
31452173
17507535
54984339
83343793
26433130
33125840
29545439
63286406
65916748
76636168
66270209
50426061
43301630
20446450
47372250
57525842
66324361
22311593
14621385
40860539
42755223
86936938
29683458
75726459
50360453
87077279
66453031
71352433
25754776
49474197
67255769
10910362
53919669
21850046
44846441
65755707
27562759
72890429
37300784
26388978
36708205
25583873
56129036
70293415
93995521
91915017
81749111
45518370
94649670
58714821
55145157
32337847
88498029
36303645
79317754
51816348
58550084
83126923
17383877
19423067
30518204
48855139
12683293
83611106
11624085
88658995
29227767
77209144
23360424
23050053
24988705
95391690
52287313
63457089
33397054
43355619
61188854
14268911
46878558
33936443
25524537
31800987
69509818
35572262
30494518
66106001
66517769
64533997
12753017
27846088
37628801
96661818
30166143
25534619
16232429
34507692
98340839
83038002
72090855
87871883
29549622
95608575
51564083
24834325
24896707
15605732
39110200
10315461
57754738
33186332
87023831
80132855
22193485
12487802
95952782
60087397
33305515
13315651
45191539
56693719
73208059
66199598
81831635
77769815
62602530
60889437
88553724
57152991
33268704
67474830
19776248
79272740
38530642
49997434
79468760
12057849
59485072
31563342
98742054
76893410
39911030
82233411
99081212
69703094
41294208
30677596
92345906
12244591
72225487
74739515
14308242
94297160
63107873
19492584
29346140
20730369
83156822
49937714
94925794
70950079
15633476
42594663
87496863
53732874
14749332
50194214
71825128
77035986
84990388
36120896
24383327
88306152
50511148
36958249
44506201
99890994
21086679
54998216
17103712
12373127
99220142
81352670
64584020
11823149
25231936
87309072
66958892
94599148
12388542
23086354
72511706
56498766
93767986
31428338
37588429
23512566
97573328
16943614
47957392
75348635
86700133
23195476
53855247
61415071
37426924
22402948
89781242
21253200
49256035
46507970
76491578
63565419
30596591
55222849
52686502
92037148
49359066
94612854
80604340
72682295
81699381
73287149
91560848
75015559
83827642
43901629
14549972
67141135
56639030
84223787
10794618
75081214
90668433
80344941
90434172
97038528
73636219
72587017
92208522
45130545
32530997
48388826
48129255
90405740
37383033
69072948
73472481
56651714
83767048
47381919
22463851
94088134
26063438
14392128
28758489
53072517
76814515
62186966
68055350
69547092
67863296
72176991
69542085
57781825
31216364
13896155
15024531
45466411
73621059
56199208
23918773
71884654
45363378
97322252
77142052
22256054
21158961
30996946
35873841
84426741
57514765
64332427
79315494
17917423
76603281
94679157
73531259
71710706
73671504
68352762
18142770
47457316
79008786
45993807
99895120
86931957
89571801
68765501
92861944
23848755
48478589
38534565
51982779
49340877
77356859
92652803
14921290
30693949
66683627
94089977
67917662
45948189
54989946
32329910
41115826
92418738
48318924
48025234
64735878
30376794
23518211
33394591
66450975
69090413
24106075
80263499
45487992
13132478
31712986
60736018
91456682
72793901
87274845
40131451
49305676
19490969
67877813
90698872
59031450
37416418
71141395
94983407
81984570
85455225
66957855
93060837
27651609
97687712
72548007
80077385
83311988
33511363
61302900
72584923
98310259
17920371
53103417
64450359
77717627
46451493
64226946
29857365
94010017
21427735
94761264
41387810
29662715
51962097
17786479
44592014
28561514
81100805
85029299
48395333
55919800
25472557
21937503
87896912
52455114
95328631
28259341
82222995
42606721
14101498
94200559
74342707
77065682
17270673
60684423
68843585
49734551
14899474
67459744
39870165
11381422
36356319
19281954
34651707
12053510
42178275
66169659
62340696
51447446
39104159
22237603
98623563
59638885
27364818
66056186
92307230
38946501
47048773
62890189
89413792
59853488
21843895
79949187
38641258
82161100
47965732
69256614
57707318
63080438
74978737
58238110
10483301
25514749
79398959
60299374
64678776
88687880
45350215
40032511
90829831
57636391
95714999
27705669
53697739
60345972
81607866
14963697
32392149
57497317
72699270
52724684
33052258
29026866
42941935
45486263
29257925
50527453
83818409
23829820
14102243
38041643
90636752
31552000
69404413
99180718
67548583
21548875
84267923
32852052
77866548
74516638
92468286
55747942
34760252
57981794
20425848
66579382
51187990
27043308
95200099
29984675
64448641
29109554
35210171
91685794
71572904
73287096
28727163
66408600
93717254
50447371
34493105
63283518
16586691
77229524
60618114
40668668
82112003
93950775
84623752
32451530
77052446
92600153
60034963
11534403
12728368
75326866
59777041
26476129
63379405
67245489
75453960
29581659
60154322
36408678
98719807
76565912
78449622
40475728
52989390
87406144
68274852
31599849
14256828
71569394
78520694
63246224
19023744
91610019
95668647
94707990
56252619
77255276
33673891
18281325
76027447
38863479
38244463
18525351
47339836
51506372
52672920
44352494
28006152
77285377
72805535
55656430
87693588
55045914
87208851
69940850
34194401
47616502
40862494
17651154
60375767
85325884
26191559
26190896
60015001
65644913
68498282
76853993
62654698
84921210
49190352
19646716
93785945
54527859
78995644
37355262
33542584
67047373
24926061
87346432
81210743
18282276
62279050
28104227
78819992
11037035
41193590
68283900
70484026
47692838
59909610
74633321
97592932
96106414
28885313
43441135
55114013
30471997
41276360
96282363
78635646
55549934
91169859
15822322
38637141
26119943
55091659
78226062
72254341
44812988
49514628
79178759
24805068
31003539
48681684
63646948
44943511
32655774
69116513
34026291
55654692
72338043
75537132
60802337
31771729
89697059
52526208
72828042
49660538
72485514
64305548
62936271
88302824
91075586
87501344
13107591
92408864
34038838
17741123
78429779
72314309
72511568
25362547
88495312
40230186
20062139
24852282
63667365
96741112
98956034
18547945
19053755
74236024
88939735
80326900
12159245
83191806
60750768
47976553
59603477
96183283
53590028
36248719
28964966
21992061
82394708
85474711
16456664
90829261
77572444
24556929
93959005
99808644
72222984
21718542
93825266
27724611
98085515
90360157
14973362
24379086
72019147
13544229
47263876
43545947
56197646
72207605
27901949
54426812
92815020
69694624
59957928
90011109
25382681
97008970
71624800
11988317
65776045
46003466
58476931
24220066
26019036
82698277
46059951
88312401
16809773
89373048
34062289
41222117
73699539
76014606
87070667
68571805
47812458
14857042
83513409
70799951
81444446
72212225
30969450
73194908
29610737
14737292
62809976
42755647
66142976
95067845
85862721
31423414
93168355
77166517
81262571
94825193
13189552
46611833
28331469
14084515
59154341
10875337
58414635
61767598
23226302
63269285
13901468
74935179
93369063
13503902
37244685
22097995
29042508
45536830
36379998
28046989
67658572
23878549
70736681
63368852
18570635
18162401
35606308
41621380
64101798
74765529
40414010
48629122
74816406
36138017
19076037
20677053
69745438
49399873
51782020
54220742
30157583
53915244
30468444
88518665
29830245
39682679
61262230
36177346
78176744
46801980
60394708
56884339
27727029
55185630
23203118
87810545
88182886
71924138
46546798
67636888
83640929
84584217
10637027
99668510
46162490
61010802
59592294
81075205
47935686
35048332
90691943
71919530
38547645
56069297
86690738
32857083
74795915
19765534
88010692
61443142
89207219
60670120
25883076
17736876
72258912
46740216
75904032
14759220
79774090
86495735
56558277
37443777
25869252
45332090
98102666
19383321
28424802
87277658
49900352
11131119
41118444
25950062
56738019
50721295
73417569
46223233
13463683
19440104
66846441
64157530
20662868
59259973
99681330
69488186
15044747
19760990
67573246
80340185
26716032
86159535
24473055
54189717
37522799
14048132
68488520
95896296
73974166
57066486
77475890
35658585
74550351
77370151
72466325
52494518
31353386
18950587
90131808
59375042
24519094
43358104
69755139
26794877
24870585
25697392
18924257
12341034
73530225
43669339
93382884
63519996
62707958
62267536
16765354
42643292
16634427
54783295
20650844
16087642
61733683
50721293
64941600
21108013
50480528
65341228
96135844
86504168
27669158
74641430
74738011
80445884
83854191
16449255
83331781
67604007
56551637
80244198
53764273
16407320
34211021
85283928
15499442
12623600
63296170
66005116
14454605
91484564
65085772
11347362
20473563
93099251
99861068
49040291
11842581
92680719
75714463
86207663
25110183
62382390
16957172
80434664
39983011
87256508
19712435
10829747
74745996
62929555
46606004
13410022
64800059
53639382
22426049
81515780
57670097
92257738
48597280
40401575
76866074
13079926
16894516
37535997
48552060
52096559
77368770
92648036
44238218
23882942
86441630
13712310
86870447
35934764
85712561
13358754
78012473
13509505
93807454
44236951
75606213
15851564
50122683
64656143
30456989
81378061
41130095
22723948
38607666
17849098
37215180
57269001
96781537
18925055
86365300
12456004
89353085
50821566
57770345
87427401
84735730
70252701
51928337
33224313
69369172
33659463
80316815
76849206
60160042
26681675
54034234
29856098
37894752
58284889
88078905
84965880
20854209
36908818
66613291
72532498
63753938
86295524
46148752
35694341
73529035
34817014
37563991
97606951
23107891
93732671
57972996
28452145
33034391
79749682
47618813
48872127
79195750
88750227
30853618
42234356
45372652
48156525
51143271
33993914
83112297
28316188
62342496
20509991
76017486
20161285
48202920
48046203
37163923
46116582
10461885
84994758
96421047
24088136
52502875
68067750
98858837
85341201
42716323
37216302
43438944
20348982
68630120
38383715
85186939
19618317
27999767
83361888
36553592
49492544
63383360
53344025
20360298
82812638
66728261
31229884
82770024
61603211
28977310
50624179
40749409
44591832
26242502
37345350
48043415
52377261
10492613
52514526
30452666
25691491
94516187
26499813
17467042
67481838
17055686
72698440
54517031
19144888
76652464
18010270
61883040
31610377
26039993
70579938
10854647
83123873
29669020
97406556
42774758
21725416
24040192
55379103
46046032
17264444
79669341
67741227
43625534
58234730
25197577
18034610
93015796
95301049
94189791
14442616
96835248
77265567
34817930
41383251
11481214
25089303
10449011
78167506
69660987
78321674
62193605
87964922
48147236
49617898
64206617
85933612
29741465
15375198
89454275
13133218
40181911
21541944
11431320
39071872
12070594
33548699
85146503
82994200
59432342
34674530
64230156
95536222
14931725
71497257
50205544
30849300
63871279
15447699
86501280
68245274
75109897
79065305
54874437
99289988
93933117
46123505
84515150
64191703
34256819
25907931
25415713
15616481
30373997
24729098
59758385
68258169
12757358
93091904
84479803
28742015
92855706
23365958
44305153
42350714
63497367
62055914
48700797
38696452
43782724
82782253
43203347
12861257
80523368
81940390
99172765
51840086
24252263
30000244
90235818
98268988
94648191
44257835
30126786
76272904
95535641
80339879
53960531
58040822
59223023
87390584
38161723
30523848
61478892
83165740
31066695
12315453
41770572
98348953
36198459
93936923
42968570
62673167
44525031
60591746
50406066
59070992
17303294
49392668
61552963
48287111
82054873
50612897
26730341
41245593
60079588
61309430
31326132
25840021
76990377
55114225
57047497
14347525
96505079
16499639
63727987
26892390
29107118
97376711
91628695
25360115
99655850
16569999
46481313
90645533
14268106
81798716
65294886
62584984
11673628
22887183
30361112
72632463
80953383
94559978
51118885
58081272
11487956
74576747
67710508
81235969
67036537
48994479
20016348
47058729
35827331
83004088
65566955
28111212
90936896
80321769
30018032
64909591
80730798
34498143
26135097
41565316
92729656
64440094
47589562
16905316
34207462
19644872
92587141
41390617
12244671
97044861
85643489
30235274
56019612
76883683
94643678
32204123
70031459
34157246
98636394
79506196
22777325
46351912
92240387
38357232
19623177
38895213
68004486
91889476
63632794
87853061
17476263
94190090
57578843
99881902
27285242
49739402
95421507
78373286
24046893
92855204
36923652
88971906
36411992
97079853
72525614
23498093
97931714
79067247
62880514
24567882
64013789
10191740
33540093
91368686
59509555
27518347
46662048
47972679
89712727
77002745
99321449
61361193
62797904
76306953
48886251
68421339
84622658
29530444
20953350
13200460
32884156
58830364
42507593
34816611
99616541
18099778
63922272
82036724
75050147
70849463
17694395
23143246
54306194
48143624
88404030
44152177
83167229
61472210
93685085
69774899
39415661
50050527
79490181
79302729
95036069
63290599
37134434
53810497
12095780
13728317
98398757
45484884
44740331
17312100
87833476
25803263
49236174
21820086
54472562
38037536
83064319
42819961
53398759
70465972
58007615
68222160
23334337
85182531
39471227
88608459
43602573
12390171
81978041
97410794
74422804
31923126
11503764
93624633
85062510
39510687
61733244
28989921
93819222
83133672
23184577
91636028
21342728
56734155
17749623
13559842
34829070
36314592
93371729
19934352
75531942
77185877
94205904
42729844
40353345
72010059
59103510
33346711
21338920
39915598
74809945
82027687
84653242
10164206
84434546
38970832
14218750
73803669
27413207
56142657
67418345
23849755
55490403
32719233
92419884
53390331
58034088
56791524
73928819
78941784
92126657
77961217
29172180
99807668
41546121
87880241
18410018
98488130
52312199
20279351
72005743
91590360
48502644
50801529
32712098
65578371
42260585
69749228
46318896
25613237
81239081
45113231
65850234
82567577
42335753
20153998
20590915
76758151
58214648
97797638
38056269
74749459
87376303
51582440
73909007
55437120
25158262
29803767
87701268
17960402
78108559
59013995
54941810
59353409
87902787
50039224
58458214
36228681
23664904
53961576
60953225
88751263
74294604
79836709
72276785
15099582
87485281
83447507
70800487
20313950
75769477
48198874
74318848
28544646
68327436
67785985
34875354
69832633
32075052
53256437
67810997
15672268
64614629
31423978
25110571
61051863
54967947
31528409
71017549
48089802
45216370
73668327
16872924
15154199
29989172
26558950
66401057
11097869
20764321
42290036
80325609
99102149
17305412
65135297
74856737
67839413
49302798
72878063
86048650
24911841
53357090
65112466
56859544
17695666
63982652
36297430
81785069
94742751
54480958
35714624
30119176
13923161
49676301
67991549
12637793
46022996
85029302
18342621
36121611
16832764
75978005
45490847
37932414
55826601
14018081
50223684
87051043
67055336
95661654
87579506
30486271
52276554
78631088
70516179
34753801
92423624
34369237
71403788
64365468
92638673
53852626
16345176
34275847
26509043
31951614
92907585
37556674
43691809
58826619
93481851
91322300
73774119
28367581
81673295
74730206
21422844
67971285
79120334
94018777
83921126
73170516
27895065
38351667
86705400
30648660
51195582
57699466
78998109
72953682
69681848
29317491
99276749
60158706
50806749
86334331
98202365
45529615
55709846
79205517
81826979
38464084
26329832
55106934
92399612
91624755
48868955
15890399
15114319
31582197
74366750
53253307
36432258
54466048
58889244
59035417
36275024
85393945
12895411
24408389
87264102
81238626
93259228
26836108
55446992
56178944
17779670
37482257
99480302
14452136
30208454
62787513
92208865
54484670
14226631
41584833
99321085
48521600
99292821
61990799
97468616
49295684
33059256
36617851
12860923
84183764
89507546
88133172
21663525
16832098
27770170
29596112
25516399
72143402
99484089
62139636
20643834
14848931
38252306
47098908
81737700
68576865
53620775
61733000
98499434
60465290
90292342
10879784
11742706
39045330
54546390
46672718
82638197
29735559
37600562
41832604
17875229
87643732
52825919
22438132
47008746
73402003
46675981
60944872
42893790
63284095
88920376
88668788
53607204
12696927
78114250
16087115
42205047
39109288
52657965
44844748
25645246
53076299
13110291
30140273
37953499
23262788
70399276
53778919
49438601
31057099
97178595
50902719
78200265
71261981
25888055
48062503
29572438
98012575
20468589
19343103
94660483
17935508
86873920
61555356
96931265
45246072
22067382
88746553
23926845
98340731
62444557
43484923
71917990
26719773
65765077
45482655
55499532
33416674
44523927
81531203
46684004
68512051
24843827
69389774
64815016
91999697
37435336
26723068
22997659
31624566
42304459
45951753
27408938
86398474
50667834
83821561
93143662
24916587
49978882
38887758
22114889
37305598
69718552
38006594
35198973
90714353
40136851
96050098
73489669
16559954
88426878
24633212
75869438
31075471
17380606
13523349
79980846
37013481
40599517
77445063
54010149
36622343
51838130
65932696
62711151
55739439
53897163
29809650
16753775
51952263
37702016
14872939
67234274
89584505
21979126
72453247
72679918
77738750
56131825
83079553
25172258
61886219
89872823
37138623
24635523
24030004
64440329
67350240
11601469
54503101
97211968
35564581
72396845
23858673
51110934
28205130
83558065
16791612
12766311
75868870
42279162
84212341
90331315
65255805
60325269
33747239
87061048
77913294
74457621
76325485
63444904
47902793
19729119
93193078
20199564
94214014
85614482
63810857
90167093
11224689
22822417
78128610
20477018
39625769
72941230
12398809
58032211
27540712
46468980
43279396
25820273
87794804
98596241
36674771
20745847
78225044
43509854
83159353
21864249
84552727
74758157
50151242
81860688
66636173
80698990
54745504
13791224
30723865
87209182
80811544
14818694
54703710
92743884
20022664
68233111
93598697
35939956
94051579
53081539
45549548
23698535
71641123
16499325
25292927
84925244
70388235
28287593
32487881
40491919
56183961
11666123
39700524
50879437
89579953
71682731
90034070
99334166
90726993
21612698
86164645
90736977
62877677
85665763
32532679
63493983
67942130
11259282
73440615
95289441
35752353
91240588
60010218
87872147
14340196
47150328
69533782
75623490
61194690
80424394
77851661
24565867
90329326
98265964
71298487
31403378
63305210
74976139
25383615
38812795
17389225
33183604
40431849
14091873
74555594
38398927
34978161
72512831
62646238
46925396
10264538
57180357
32773065
57466257
80050131
82009263
21181360
23975491
95199344
34952035
80140884
35426840
30502595
58357638
85670460
55331344
13243923
88785451
64630914
74045565
47426364
73151654
23939256
31146281
76435363
29128063
97476853
64462358
72324691
40601218
54636031
91015264
91237561
10288371
53481878
41203007
81393784
14854368
90479323
93625641
87202026
10485902
26922588
71362068
94234676
59589013
65286589
86235097
81812229
75110280
55494275
94362676
39149388
99133952
20387944
52438354
29012618
94050647
72216831
22440857
65135039
85504171
69424687
73720274
54564464
53297640
79314265
20228374
84092027
78587821
82804266
38674947
52512393
48164693
86285924
57979476
74173344
57684257
56649143
32493339
69713749
63715715
98701897
29263517
69300766
42794122
87347413
71248330
70160326
32980069
38403951
16311255
75533817
41034901
22494565
85113978
12070015
11962035
26079554
52024257
36914310
78526299
61226604
46936464
69842199
91082932
71462125
92787765
96191403
95017117
39149518
16053290
43564887
64979062
16766367
91282278
59834658
68436488
25759124
98997216
79542546
61403722
92254241
81482294
49040369
79241127
64226052
75477092
22002923
61344350
16489869
64068227
64853272
33470354
93625956
91182845
74615917
11789714
60377325
54599994
93110502
34597955
79213445
78101841
46718032
14708251
19232986
28324698
88350000
12831049
18752103
16418786
79177555
49148915
71091723
24580856
96161907
15407895
20046661
14589540
57334915
42768275
41729550
11231223
47738008
40234304
70252755
47533054
19457267
87197880
96463374
71441360
52702383
85750456
78839552
47062791
33024387
41202465
19495053
58357835
26806837
41633945
55277747
55981769
43624092
17599310
57235752
41614787
58309712
11066330
81076496
47148098
91685104
26741570
91070296
67924582
30266127
65260953
19185970
25238110
87377596
79020610
99131437
61058674
31062828
42383571
36199920
99995069
21154054
96804884
69413523
46160761
71058123
58411046
29332889
90127731
58055392
33321408
21688462
30536989
95573946
14154133
81594553
25733698
52775077
56940626
94306175
10157524
50008369
91534147
11049044
50931001
14700565
91223390
41477668
45217425
26647478
79871016
60726456
23045963
15173337
33985535
57697127
25980070
26099093
80405741
20205601
60698005
76431789
38377039
35749384
43421415
83627626
93575061
56503848
68517399
86846117
59291542
73190980
44084914
45038862
15961292
67538196
90347701
19245290
40581906
22453126
68777596
39965627
43471559
42671187
19635687
45467931
88824955
10318859
46728578
53747865
16160684
57842168
24983809
28483338
38559882
21002751
75348216
66412729
29230010
47253023
12788403
70483004
45845703
46080023
48165939
69839782
74770084
47673926
56565320
23651684
75086184
51363905
37962890
68425966
94800998
24247261
75651863
92851452
64027946
46117036
28709406
53633180
54286342
87045942
68995109
73146455
31575542
13524532
54846136
59348738
75161509
74244328
40237502
52464546
60424457
24968215
71397223
60559868
63012649
11965861
54341953
12749753
74985854
74703179
18652906
47371827
68504439
39445878
32367072
95961695
24023103
80205556
88664023
55132474
44099331
53991133
81539714
96482165
56630303
28642025
52445154
35339546
38759114
75683662
24476281
45937115
36145935
93595551
26087897
12362118
75111525
67389530
40182343
91554286
90065261
51472158
13273867
88906730
31459143
32534522
18152279
47570039
50027280
65680480
47553489
54526329
61543036
83090360
75330495
54373022
62006669
39205777
20971470
93135587
28145518
37926002
28286207
43811504
87473902
35689295
11923631
55081887
87532060
35746455
37420225
21130843
48226299
51649642
81665698
36875874
80052072
16619160
91548780
58962675
67645696
92803494
64613301
83294392
30720195
74122647
84485201
72880242
24278076
77512036
25949798
72525100
15916904
32588078
72929161
92250298
57104883
65527897
90250972
63057148
11883995
75258600
28654793
31192210
24763843
32543364
99432284
40766383
79545686
21060508
43060027
39848455
12817622
65683494
15496386
42363874
89406656
66957443
38130879
70828754
78710942
87845120
78246215
18648961
42760041
19603960
67965235
42574628
60364696
94726808
76973115
86025484
59075145
75305019
13668652
21056859
82387851
50000371
26665033
14239187
22577222
23066281
88659260
32350920
22732892
25132727
27686330
26654060
79684613
62539564
54885493
93596137
35809573
84471413
89787572
34364850
74420032
61924305
66673043
43610431
15078731
88550732
98892864
72538358
33821432
28983816
92670133
89849428
55074877
76245976
14044314
62669625
28909259
81859123
37451593
88773805
43127208
91664708
70550266
12371651
14522987
90271645
96853264
16616731
27029012
80173836
21578623
99835649
88152069
25815558
88166488
13419314
29274401
56804160
52263922
44558271
73292288
45803997
27055543
43193227
72771660
95618114
25323400
36215918
18648635
17701381
51283278
94365180
77318057
29950211
22094304
76799185
19311632
13848840
24022241
44847015
99579465
41060477
38300423
15859413
68448262
85593178
59191761
91569900
11958293
32084025
63988760
80251807
20478979
68741499
48048137
29235604
67429699
83054062
45209312
88715396
58968523
36778542
29000909
53744892
73351693
18684159
24783024
59564178
16009413
60969683
36759796
14489138
67745122
80042985
32045189
59149206
64080398
94479599
81526484
68750556
82227720
89653269
41989521
27862669
40928904
45369738
69043155
35198591
69833052
66368399
88354548
21234483
17595558
85229738
33338105
16413894
25218655
82822629
18973710
82682313
37647202
48982347
65165800
45669112
74319336
38473792
21523599
36243579
54283387
17027023
73715146
22502647
26084042
62542871
17423969
11987971
12862704
45846363
34288283
89991066
82993915
98283721
54452818
33316780
72360088
75362008
55362992
51177295
19866588
27429578
66008584
50939667
43984945
38939473
56507475
55362674
68203227
24699470
50044997
82635750
46695078
36011956
62179083
74764693
20439691
59553060
59660712
22119370
36009361
34023257
31079737
45570582
57361147
86512986
30188138
61829404
86068057
14207351
86397971
23084191
68862487
77104247
86959891
54922243
71564575
58114713
80640584
97366364
56359589
66164121
60432785
26482138
57611949
83223856
94254637
98483145
30180837
83309125
14044738
19917217
23112476
70915478
11343610
15604895
63597398
50628467
26850875
16449133
89152008
51345781
83712374
37943152
41199951
69315725
97542874
33577870
74951740
98562014
86701583
96581058
88011416
96509681
27883493
73264131
70108171
16932026
40924213
83622841
63456736
48530954
35888687
98190393
95726579
99519897
65233945
15551578
49431753
39836584
82071736
24705210
77136214
87714375
84208901
77478729
92084737
99395492
90323591
43037460
57104727
56857610
96353842
96874086
21849720
98862713
18420066
64568938
18556617
40552370
51537844
72508667
47635416
18704862
92683522
34910870
46907239
44750159
56077562
40209431
90681054
26128603
67810853
57444275
40913650
43042635
91249414
57651733
22591522
29731671
29068691
67086137
35619826
28079367
14407689
96363740
66138013
63200336
54837029
49082731
29511579
58904031
19817428
49008334
54738371
79750105
15237538
68394442
99913710
38839741
83706755
11714115
40731648
29693317
26204502
11471753
25391100
25804281
61271122
16669693
77073400
93897643
72286294
87674883
99505616
49681228
14800776
52527685
60013377
16709745
57257839
80090195
83768244
99339118
12935228
13017059
99737720
31717598
79207622
70956748
63437771
40753095
41917309
55384754
22249316
36231098
35120344
25730155
99347915
36979021
99341079
20130185
51417496
61330612
52730329
61781768
12915411
29670136
39138449
76049146
97570135
36871033
33847785
46947618
86040505
58479431
68365305
31698229
84683978
45118459
16440314
14657242
52718648
63787123
63285948
10904050
34232587
18005365
88258580
25405373
42474907
37671204
64418400
57491485
37305139
40306318
70773432
96089971
20637761
42967394
30317619
95544998
67723318
73514943
61368915
30243778
87891968
57179687
62007822
36366140
84628769
34374418
73358586
90534868
86296300
40097951
83032596
64104083
73267548
75516773
62940972
46305908
60834321
62045032
28057073
99020575
52344296
75086248
97275797
54540496
52496181
91652691
73031708
34944854
39691168
60608410
40963015
31514680
26173209
34917024
41257623
81385330
73808121
55018639
79082112
76972765
42955447
81967173
54141356
53736748
20775747
94713644
48305128
72208402
45318018
72141352
86947503
34572290
70491111
32046121
58204625
60939790
58955306
29446880
71783232
52196209
23915944
95556109
30547959
61754792
34090583
61767671
38392840
37757370
86505956
47810549
49676608
69016345
26039147
44679850
85652472
88598689
14137682
68918734
17896955
86768829
62705603
59280294
52019087
98209321
34606660
88900246
74848674
81685329
76597236
45017037
65428242
17807704
45693796
54822942
75147929
83796790
65802767
63657839
23329748
22522361
15537784
85504202
99126894
35719212
86859359
91433233
58301037
98085205
17743007
38625486
68613017
44664471
87935783
40722728
94408708
51908984
62259987
20209723
41127997
25158374
19200776
28753010
70332390
66974031
78237920
47093766
31565460
60128716
66132976
56836114
29573191
96261776
29552063
29654842
83794148
61626942
33670015
79711404
73251132
32393905
24652534
12265798
66638466
46819954
29929988
80249940
34209511
35255491
81819216
47684436
10859864
58204435
53077409
47979203
97476389
13193088
70134460
87377211
39371730
98137423
60734570
82502502
72296908
88735461
18259536
14989685
86648610
51756043
76327998
18575942
47517932
21751465
34951750
34188672
51173409
34250454
98730379
11060757
70300833
87078163
61238142
68629290
73981641
52189328
85937582
91324540
90613463
98070886
13229157
38589417
97685890
76064150
21486296
16395895
45153531
40101321
39737174
41542330
39927344
55466558
45381871
96510954
61824367
56495298
61849970
34104911
68034622
99995488
74970870
62867476
47984959
84608463
63131231
14747728
77829020
52533610
15390652
64602731
69304745
34252902
62053348
99088565
53266821
94912431
19949100
44228243
87875049
33803458
17320660
18969872
23045426
64752041
40545569
78914755
38492828
20984785
77295763
62862720
58557656
64470354
79428959
55509958
39920918
62081093
52095020
79742464
23755434
51271359
84517126
97007243
41872081
65019499
25375466
68724710
73084689
20480707
76692353
39755253
32617662
87893227
78073066
30697586
54659480
58422954
92963760
77120625
91274770
61766533
31517019
80019214
12325166
60330746
39015477
99152515
61997118
63677453
41699507
81901913
41457538
16185099
87447698
95262757
11417453
70834467
55223824
46866058
79989091
57068195
49637576
78342647
96411159
39231239
70010842
93378924
28226185
63433123
23990442
54265115
28829828
52867906
35789217
54617982
52898170
20926501
91091592
28407927
77815985
30874733
30446634
56295039
26232184
45363564
43984234
58322183
78718953
78217201
57757604
84076804
90008687
78476543
42988339
80624546
54310994
69629283
11336617
61720420
39931583
78563717
56895965
55391872
69362175
81725729
55809758
18510280
39411470
54909938
34803903
62742336
52961980
10413177
18428795
26035727
75258557
49780542
58043746
56226335
61085562
63535023
42619844
18546675
34090502
89783674
74748173
73341729
84705167
35881628
81356552
44481389
40494832
48691591
29272068
91270244
61983472
31350676
38368338
38565078
60864946
25288239
58487808
80608212
57239394
98140664
91520781
49973409
66642416
23902041
25303816
87469161
47593334
48823496
94613735
37268111
78255648
84820204
67401352
79230371
99479993
94529496
74824303
33244366
55931125
31771813
90917040
31945472
19769471
29292002
42489964
46594726
78597890
99459252
92757679
22651732
89154300
10034075
76857880
48732430
56710263
56614403
84263150
84490996
72935137
38908959
18438746
18358370
66045274
56220385
73930227
63009209
36237391
91815430
14342372
53819960
19746999
71178697
98650556
48067075
25011050
87169719
27959634
69859910
43557017
75758754
53368275
87273715
12860526
43961647
34042090
61376935
68441793
40119179
88405258
19396266
79554419
28810938
13682139
99834389
63986667
46162320
94054718
14368910
86373547
66047800
93861887
52304047
56114062
46647921
66670742
58084998
22794457
55638810
75523509
73946778
33413730
29908163
23044792
73989880
85204705
91295514
57245126
51675321
10356165
87638463
83732945
82075443
46770660
22298711
65119656
81908624
37153137
54291984
24455100
39240553
42513418
28616658
21085952
43950717
81217774
81241987
59299689
21529357
92498252
33776247
90130197
19180760
90310966
74155891
52275592
67233332
31059164
23456401
49714099
28605301
89229057
22009675
47736883
33934369
52448002
91529535
17749916
27225947
54510375
51007644
46366080
70298256
77669709
69081048
89816579
74524919
72123410
36575046
43605651
70237725
53084555
63387687
56805604
28915414
78462278
14894116
78699438
97121125
27338154
46389636
33728480
90285635
26839164
95838984
77814132
66380432
52109950
24264676
36229982
99983379
92050610
78542554
12255134
81856880
74062780
58922483
55301237
34492773
40813157
87164125
42677556
68602176
49486524
64570204
35483439
93035233
86367063
54969710
37961169
42712423
47185207
92629120
63135177
30099194
16820681
65486406
89874658
97980853
53137033
44670139
72258545
40052014
93944001
31216821
17247079
54391459
72348528
23852835
11734406
45351874
22049606
83093735
78360113
54166421
48083530
81173578
28193500
95170056
51498526
38857760
47739042
68303256
58760667
39701241
31970165
28239514
11865366
55166977
41883503
67157029
93342724
27150069
82819783
61548574
79109826
58298848
68094686
50681740
14773820
42885500
18138370
48091415
30121847
89737102
71476430
82786779
69413702
31772589
97314238
54857472
95388622
79005348
15423147
20823750
79297830
47443991
64935110
80228301
22250143
39978389
22217319
28039077
58391127
54206206
83804309
28417037
